111111111111111111111111111111111111111111111111165111111111111111111111111111111111111111111111111
111111111111111111111111111111111111111111111111506611111111111111111111111111111111111111111111111
111111111111111111111111111111111111111111111115060881111111111111111111111111111111111111111111111
111111111111111111111111111111111111111111111133838505111111111111111111111111111111111111111111111
111111111111111111111111111111111111111111111050835065011111111111111111111111111111111111111111111
111111111111111111111111111111111111111111115085860853331111111111111111111111111111111111111111111
111111111111111111111111111111111111111111180608538866303111111111111111111111111111111111111111111
111111111111111111111111111111111111111111363535300865385811111111111111111111111111111111111111111
111111111111111111111111111111111111111118685500005350853081111111111111111111111111111111111111111
111111111111111111111111111111111111111186558805806860055060111111111111111111111111111111111111111
111111111111111111111111111111111111111303003585858508006033611111111111111111111111111111111111111
111111111111111111111111111111111111118556830885886036563856031111111111111111111111111111111111111
111111111111111111111111111111111111108808003350583885335368083111111111111111111111111111111111111
111111111111111111111111111111111111038866538050383566680660385011111111111111111111111111111111111
111111111111111111111111111111111118305836555356365508368085556651111111111111111111111111111111111
111111111111111111111111111111111188366533658530588530683063653668111111111111111111111111111111111
111111111111111111111111111111111350636358665056638336506535563830811111111111111111111111111111111
111111111111111111111111111111110865830335685083085303650885508035081111111111111111111111111111111
111111111111111111111111111111150680608850085338033500836063368860656111111111111111111111111111111
111111111111111111111111111111603063585383833058035030358030830688083311111111111111111111111111111
111111111111111111111111111116530085586805511111111111111336353038053561111111111111111111111111111
111111111111111111111111111186836056858011111111111111111111650335338355111111111111111111111111111
111111111111111111111111111053333356511111118380053538001111111336606038611111111111111111111111111
111111111111111111111111118606358681111118363065308536030361111118338056551111111111111111111111111
111111111111111111111111130368086011115800358605803688088886061111358583068111111111111111111111111
111111111111111111111111030385051111503683085808506060383505000311113863353311111111111111111111111
111111111111111111111113663663511138350056050003355805350868000003111608553861111111111111111111111
111111111111111111111166650365111308380605068686006808035338353085511106563555111111111111111111111
111111111111111111111503536551116803000658586833085036088385008666031116508866811111111111111111111
111111111111111111110800050311188550868500635063535358063030330533586111085068881111111111111111111
111111111111111111108300883111530885583556830503355586608008080608605311136608558111111111111111111
111111111111111111336335601118835663853538630566563058363060808388680631113508365311111111111111111
111111111111111115303650811103036333053833365338335065666806365568036606111658033851111111111111111
111111111111111158865866611055568660068588533303063668353055308888655068011363330605111111111111111
111111111111111853055333115033305568633668638303500635560830688563530800031183680586511111111111111
111111111111115860866361115653085530508506306056635650565088838333000333061110006055001111111111111
111111111111160566653851183336838388856665633586368680058383385868000855053113683356865111111111111
111111111111053668803611130060603863506500585360666830300060636036838605883111056056685311111111111
111111111118036306008811068355305068838088088635858808655038885333835858635611008656500031111111111
111111111103660353506311550086806635856580058550666083838883368363563385338511533683865858111111111
111111111055560660888111335600865856503885085885806568830030005583566808858311133355366850311111111
111111113588505630685118665308000335808805855803668550385533865658358663588001135653863335851111111
111111185605808558863118036058586830055008805350500863858660068853885868083501186305668886685111111
111111636888065300351118850663111805660686555311866600568056311035000165053631118803366066350611111
111118588300653033351156685111111111060383511111111386111101111163511111630380118555838886856651111
111100660885335860361185330111111111100336111111111603111111111111111111153066118530685568553558111
111883036865355806681108633506056011118651111658661688111118311111130111185306110668663850050656611
110668058885633855531156865888380311113611113566566665111166681115338011185080115538580530856088001
158686600660806688551166533083881111116311113606566858111160051115853511158038110658333306665350866
808555533500380636381138668611111111116611118536330608111188381113356011136886115355536008380600086
086358600585863300361105808111113811110811113580368335111103031116666011185850115605858863558856565
106350565858068088051108351111363011110311116063353563111138861110885311150886115630863000866588800
110833066500036606331186331111800511116511118353388800111155301115303011155655110008683663068505381
111608366383630853551188661111583811113081111530851883111133001116805011158050115068586060000300611
111163363558653550051186581111111111118301111111111563111136861115633511163838116080660358358883111
111115508883356580501105383111111311115533111111111586111165831116668311156606118065365666008581111
111111358588856338501110583011118611116000888111118085111180001110355011186331110653580330538811111
111111165035080366608110380665666063660330535360308833803553586068800053008531165805608650668111111
111111118608356635830118856566033560506836808065635600603506888668055333608631133855338856651111111
111111111508555003063111363655653036305006800880638830660856850586300686888011106688650306511111111
111111111158553308686611858303030368666358305353800533568586856883583803888511386000388636111111111
111111111115588066586611660505838388560686088555355368835353086883638086585511830536550681111111111
111111111111566000085311183888836588586680808388560035550058636053006583608111300556833011111111111
111111111111180506563561158805008836086506368300550883883068653860655303836115650863083111111111111
111111111111116558308301113805565333568585306805356533083306666505858566061115000605601111111111111
111111111111111000880336118856560836086005530650656885685603056505853565361186588060611111111111111
111111111111111156638036511668500300800530660656008533536853658336833086511063053686111111111111111
111111111111111115556503511155803530863365638665885565366536385860558566111388530031111111111111111
111111111111111111668066001110308555855353085806833383606556855833833661115388580811111111111111111
111111111111111111188086338111300330535350066058883880055030656380630511180806058111111111111111111
111111111111111111110055855611158665633658358638536036635586856055688111388050031111111111111111111
111111111111111111111508368561110003500053060305885668633633653335851110838606511111111111111111111
111111111111111111111168850833111630088653053380550386535853356508811163535363111111111111111111111
111111111111111111111115036550311155568506660668603386386860653535111563663601111111111111111111111
111111111111111111111111555305501111668500088868633560036366603811113380355811111111111111111111111
111111111111111111111111158558606011116366636560863586566380681111035668603111111111111111111111111
111111111111111111111111110835335651111115336833385688366831111118088683861111111111111111111111111
111111111111111111111111111355000805311111115536868350561111111838650380811111111111111111111111111
111111111111111111111111111105800336380511111111111111111111835880306088111111111111111111111111111
111111111111111111111111111115353686365650511111111111111380353068638001111111111111111111111111111
111111111111111111111111111111306533885503536656686588888565588858035811111111111111111111111111111
111111111111111111111111111111158363036358838600605308806638868865533111111111111111111111111111111
111111111111111111111111111111115668806688088333306035533583855868861111111111111111111111111111111
111111111111111111111111111111111005863606660368686085068588533063811111111111111111111111111111111
111111111111111111111111111111111166605080888066580005563586668860111111111111111111111111111111111
111111111111111111111111111111111118663886300008865536083868056531111111111111111111111111111111111
111111111111111111111111111111111111085006535038866505686066850811111111111111111111111111111111111
111111111111111111111111111111111111183666300330803680353680563111111111111111111111111111111111111
111111111111111111111111111111111111116500856830303033336535581111111111111111111111111111111111111
111111111111111111111111111111111111111388886036683800508085011111111111111111111111111111111111111
111111111111111111111111111111111111111150635658306300863568111111111111111111111111111111111111111
111111111111111111111111111111111111111115065688653035005331111111111111111111111111111111111111111
111111111111111111111111111111111111111111833608835856585011111111111111111111111111111111111111111
111111111111111111111111111111111111111111106638633363688111111111111111111111111111111111111111111
111111111111111111111111111111111111111111116065535036001111111111111111111111111111111111111111111
111111111111111111111111111111111111111111111806003083311111111111111111111111111111111111111111111
111111111111111111111111111111111111111111111133506553111111111111111111111111111111111111111111111
111111111111111111111111111111111111111111111115808031111111111111111111111111111111111111111111111
111111111111111111111111111111111111111111111111808811111111111111111111111111111111111111111111111
