1111111111111111111111111111111111111111111111111111111111111111111111111111111111111111111111111111
1111111111111111111111111111111111111111111111111111111111111111111111111111111111111111111111111111
1111111111111111111111111111111111111111111111111111111111111111111111111111111111111111111111111111
1111111111111111111111111111111111111111111111111111111111111111111111111111111111111111111111111111
1111111111111111111111111111111111111111111111111111111111111111111111111111111111111111111111111111
1111111111111111111111111111111111111111111111111111111111111111111111111111111111111111111111111111
1111111111111111111111111111111111111111111111111111111111111111111111111111111111111111111111111111
1111111111111111111111111111111111111111111111103508111111111111111111111111111111111111111111111111
1111111111111111111111111111111111111111111113638050861111111111111111111111111111111111111111111111
1111111111111111111111111111111111111111111108535336006111111111111111111111111111111111111111111111
1111111111111111111111111551111111111111111658850833058111111111111111111111111111111111111111111111
1111111111111111111111066653551111111111111506580856050511111111111111111111111111111111111111111111
1111111111111111111115800565308111111111110685550566563511111111111111111111111111111111111111111111
1111111111111111111108056656686611111111115356863860308511111111111111111111111111111111111111111111
1111111111111111111868306303630011111111110060800550885811111111111111111111111111111111111111111111
1111111111111111111608353553008581111111110305036330830511111111111111111111111111111111111111111111
1111111111111111111303585003388061111111116383866000385811111111111111111111111111111111111111111111
1111111111111111111038666358668551111111110883586630333011111111111111111111111111111111111111111111
1111111111111111111063880600080031111111115356560835335011111111111111111111111111111111111111111111
1111111111111111111650856808358601111111115655556660306611111111111111111111111111111111111111111111
1111111111111111111353005658666861111111110005835355360011111111111111111111111111111111111111111111
1111111111111111111333555838656361111111113388660300506011111111111111111111111111111111111111111111
1111111111111111111088500653003831111111115308505865363611111111111111111111111111111111111111111111
1111111111111111111538630355580661111111116088553586580811111111111111111111111111111111111111111111
1111111111111111111308680303365080111111116306330538338611111111111111111111111111111111111111111111
1111111111111111111368056806366055111111118585633836665611111111111111111111111111111111111111111111
1111111111111111111135356065555850111111110568666833563811111111111111111111111111111111111111111111
1111111111111111111163006300033388111111115336563585303001111111111111111111111111111111111111111111
1111111111111111111105665338505556111111111338685808363001111111111111111111111111111111111111111111
1111111111111111111108506355305686111111111880306536350551111111111111111111111111111111111111111111
1111111111111111111158300588358663111111111585008388668381111111111111111111111111111111111111111111
1111111111111111111186086585558508111111111656366885365501111111111111111111111111111111111111111111
1111111111111111111103835605560886111111111060563363830681111111111111111111111111111111111111111111
1111111111111111111150536680568855111111111003353685630351111111111111111111111111111111111111111111
1111111111111111111168883556363858111111111365836630886651111111111111111111111111111111111111111111
1111111111111111111108608850608680111111111855350050586381111111111111111111111111111111111111111111
1111111111111111111105588880303606311111111886685580386631111111111111111111111111111111111111111111
1111111111111111111110565550660855511111111008600088606331111111111111111111111111111111111111111111
1111111111111111111116353508660883611111111153586665006630111111111111111111111111111111111111111111
1111111111111111111113635836880580011111111108065356030803111111111111111111111111111111111111111111
1111111111111111111116630003365853011111111105068803836030111111111111111111111111111111111111111111
1111111111111111111118586665360050311111111138636368665660111111111111111111111111111111111111111111
1111111111111111111116388558855386311111111130633565666365111111111111111111111111111111111111111111
1111111111111111111113660665303535011111111136680853580385111111111111111111111111111111111111111111
1111111111111111111118560036808860011111111136563035655088111111111111111111111111111111111111111111
1111111111111111111113086363683365511111111113533033685336111111111111111111111111111111111111111111
1111111111111111111111605360656685511111111116083835506301111111111111111111111111111111111111111111
1111111111111111111111088563085858011111111111360530886511111111111111111111111111111111111111111111
1111111111111111111111158538660360111111111111106685508111111111111111111111111111111111111111111111
1111111111111111111111118383368601111111111111111305611111111111111111111111111111111111111111111111
1111111111111111111111111503083111111111111111111111111111111111111111111111111111111111111111111111
1111111111111111111111111111111111111111111111111111111111111111111111111111111111111111111111111111
1111111111111111111111111111111111111111111111111111111111111111111111111111111111111111111111111111
1111111111111111111111111111111111111111111111111111111111111111111111111658111111111111111111111111
1111111111111111111111111111111111111111111111111111111111111111111111638885631111111111111111111111
1111111111111111111111111111111111111111111111111111111111111111111115538568038611111111111111111111
1111111111111111111111111111111111111111111111111111111111111111111156530338556311111111111111111111
1111111111566311111111111111111111111111111111111111111111111111111166358333668801111111111111111111
1111111105566686011111111111111111111111111111111111111111111111111568635633838661111111111111111111
1111111660880853501111111111111111111111111111111111111111111111111068333386863651111111111111111111
1111118358835556301111111111111111111111111111111111111111111111118350880030558861111111111111111111
1111113303836568600111111111111111111111111111111111111111111111113503608865063651111111111111111111
1111155885350380068011111111111111111111111111111111111111111111166885633603505881111111111111111111
1111133565808500563081111111111111111111111111111111111111111111160300860033006031111111111111111111
1111156338606853635580511111111111111111111111111111111111111111188858088358365011111111111111111111
1111158630566536033556081111111111111111111111111111111111111111158030000068886611111111111111111111
1111150608858068630606066511111111111111111111111111111111111111586806065353033111111111111111111111
1111113863833635005633855383611111111111111111111111111111111116363635603506383111111111111111111111
1111113358355565088608865665333011111111111111111111111111111558003338085580851111111111111111111111
1111111555665088863366560603565585351111111111111111111111118035630300836850301111111111111111111111
1111111106355003853080855068653085566033603586611111111110555508806365383886001111111111111111111111
1111111115835333306683660566806836080633580365635605880065083388635658080683381111111111111111111111
1111111111065830638060658005863508866580556683638538566653635583383560633863311111111111111111111111
1111111111186663058538505838088888638603365653565563688886588850565580603080511111111111111111111111
1111111111115030808086886665660383308808085300088600635866038886836008033855111111111111111111111111
1111111111111663666388303633368055088035000800086080055660856550083658866561111111111111111111111111
1111111111111118586658688603880000836303856008806386863050635856866638608011111111111111111111111111
1111111111111111668635655886306360350883856080883060038805608803506680633111111111111111111111111111
1111111111111111118055853630506053303855653888658088386553030553633080801111111111111111111111111111
1111111111111111111185605555356000368838050530533805333065605333056836011111111111111111111111111111
1111111111111111111111165053863005633558030360000350306385665605506861111111111111111111111111111111
1111111111111111111111111183838506068606336006860068685356688686065311111111111111111111111111111111
1111111111111111111111111111116685630385603035660000060055033000851111111111111111111111111111111111
1111111111111111111111111111111111368556636830380668836868008601111111111111111111111111111111111111
1111111111111111111111111111111111111111111111888056600053331111111111111111111111111111111111111111
1111111111111111111111111111111111111111111111111111111111111111111111111111111111111111111111111111
1111111111111111111111111111111111111111111111111111111111111111111111111111111111111111111111111111
1111111111111111111111111111111111111111111111111111111111111111111111111111111111111111111111111111
1111111111111111111111111111111111111111111111111111111111111111111111111111111111111111111111111111
1111111111111111111111111111111111111111111111111111111111111111111111111111111111111111111111111111
1111111111111111111111111111111111111111111111111111111111111111111111111111111111111111111111111111
1111111111111111111111111111111111111111111111111111111111111111111111111111111111111111111111111111
1111111111111111111111111111111111111111111111111111111111111111111111111111111111111111111111111111
1111111111111111111111111111111111111111111111111111111111111111111111111111111111111111111111111111
1111111111111111111111111111111111111111111111111111111111111111111111111111111111111111111111111111
1111111111111111111111111111111111111111111111111111111111111111111111111111111111111111111111111111
1111111111111111111111111111111111111111111111111111111111111111111111111111111111111111111111111111
1111111111111111111111111111111111111111111111111111111111111111111111111111111111111111111111111111
1111111111111111111111111111111111111111111111111111111111111111111111111111111111111111111111111111
1111111111111111111111111111111111111111111111111111111111111111111111111111111111111111111111111111